//--- Cierres mensuales de REFERENCIA para empalmar la señal.
//    Generado por trend/generar_referencia.py.
//    33 meses x 8 mercados. Solo se usan COCIENTES, asi que el
//    nivel de precio de la fuente es irrelevante.
#define REF_MESES     33
#define REF_MERCADOS  8

int REF_ANIOMES[REF_MESES] =
  {
   202312, 202401, 202402, 202403, 202404, 202405, 202406, 202407, 202408, 202409, 202410, 202411,
   202412, 202501, 202502, 202503, 202504, 202505, 202506, 202507, 202508, 202509, 202510, 202511,
   202512, 202601, 202602, 202603, 202604, 202605, 202606, 202607, 202608
  };

string REF_SIMBOLO[REF_MERCADOS] =
  {
   "SPCUSD.c", "NACUSD.c", "XAUUSD", "XAGUSD", "EURUSD", "USDJPY", "GBPUSD", "AUDUSD"
  };

//--- indice = mercado * REF_MESES + mes
double REF_CIERRE[REF_MERCADOS * REF_MESES] =
  {
   // SPCUSD.c
   461.3913, 468.7397, 493.2017, 509.3303, 488.7944, 513.5173, 531.6344, 538.0720,
   550.6443, 562.2104, 557.1935, 590.4209, 576.2152, 591.6904, 584.1789, 551.6290,
   546.8462, 581.2128, 611.0790, 625.1531, 637.9810, 660.7061, 676.4557, 677.7747,
   678.3152, 688.3121, 682.3637, 648.6689, 716.8133, 754.5361, 746.7700, 747.0300,
   769.3500,
   // NACUSD.c
   404.0923, 411.4436, 433.1816, 438.7046, 419.5166, 445.3245, 474.1376, 466.1810,
   471.3270, 483.6833, 479.5013, 505.1586, 507.4521, 518.4304, 504.4147, 466.1489,
   472.6602, 516.0423, 548.9959, 562.3019, 567.6661, 598.1850, 626.7806, 616.9963,
   612.8629, 620.4050, 605.8594, 576.5464, 667.0070, 737.4995, 736.4000, 687.9900,
   716.4300,
   // XAUUSD
   191.1700, 188.4500, 189.3100, 205.7200, 211.8700, 215.3000, 215.0100, 226.5500,
   231.2900, 243.0600, 253.5100, 245.5900, 242.1300, 258.5600, 263.2700, 288.1400,
   303.7700, 303.6000, 304.8300, 302.9600, 318.0700, 355.4700, 368.1200, 387.8800,
   396.3100, 444.9500, 483.7500, 430.2900, 423.6600, 417.1200, 368.3800, 371.5400,
   408.8900,
   // XAGUSD
   21.7800, 20.9100, 20.7300, 22.7500, 24.0500, 27.7600, 26.5700, 26.3900,
   26.3500, 28.4100, 29.8100, 27.9200, 26.3300, 28.5100, 28.3100, 30.9900,
   29.6000, 30.0000, 32.8100, 33.3200, 36.1900, 42.3700, 44.0100, 51.2100,
   64.4200, 75.4400, 84.9900, 68.1400, 66.6600, 68.3300, 53.4700, 52.3600,
   60.0200,
   // EURUSD
   1.1068, 1.0843, 1.0839, 1.0794, 1.0716, 1.0835, 1.0708, 1.0816,
   1.1080, 1.1170, 1.0859, 1.0563, 1.0406, 1.0397, 1.0395, 1.0824,
   1.1389, 1.1378, 1.1727, 1.1429, 1.1682, 1.1731, 1.1572, 1.1600,
   1.1747, 1.1966, 1.1803, 1.1460, 1.1685, 1.1653, 1.1422, 1.1524,
   1.1590,
   // USDJPY
   141.4300, 147.3690, 150.6560, 151.4400, 156.3140, 156.9530, 160.6870, 152.6700,
   144.8900, 142.7830, 153.2040, 151.1740, 156.9950, 154.0970, 150.0120, 149.6170,
   142.2990, 143.7790, 144.5170, 149.2260, 146.7900, 148.5950, 153.9000, 156.2840,
   156.4130, 153.1620, 155.8590, 159.8410, 160.1840, 159.2700, 161.9230, 160.1830,
   159.9200,
   // GBPUSD
   1.2734, 1.2696, 1.2663, 1.2626, 1.2560, 1.2730, 1.2646, 1.2837,
   1.3166, 1.3383, 1.2960, 1.2697, 1.2549, 1.2424, 1.2599, 1.2938,
   1.3411, 1.3499, 1.3720, 1.3258, 1.3511, 1.3437, 1.3159, 1.3241,
   1.3467, 1.3806, 1.3491, 1.3173, 1.3489, 1.3444, 1.3254, 1.3461,
   1.3540,
   // AUDUSD
   0.6826, 0.6595, 0.6495, 0.6517, 0.6562, 0.6630, 0.6651, 0.6542,
   0.6796, 0.6919, 0.6573, 0.6507, 0.6220, 0.6215, 0.6232, 0.6283,
   0.6387, 0.6446, 0.6533, 0.6447, 0.6532, 0.6582, 0.6559, 0.6536,
   0.6698, 0.7047, 0.7102, 0.6846, 0.7131, 0.7164, 0.6882, 0.7025,
   0.7164
  };